-188	,168	,95	,-141	,50	,-182	,-216	,26	,-185	,64	,85	,-8	,201	,192	,-3	,247	,129	,244	,67	,-45	,23	,70	,32	,-61	,214	,-207	,133	,249	,-67	,-144	,-7	,87	,-79	,67	,-197	,69	,-177	,-55	,166	,146	,72	,-137	,252	,-168	,185	,148	,160	,-57	,170	,195
,182	,-193	,-32	,-45	,189	,-153	,210	,176	,-5	,-113	,245	,77	,-163	,-69	,76	,187	,-126	,234	,-127	,-208	,-114	,-244	,101	,53	,91	,-247	,-59	,220	,218	,231	,185	,-26	,-63	,110	,221	,93	,-215	,-29	,153	,-151	,-45	,-158	,9	,-238	,-40	,-69	,-42	,63	,-31	,-187
,-26	,-88	,159	,-9	,33	,248	,-45	,233	,137	,15	,41	,-46	,249	,-203	,-119	,231	,-185	,84	,42	,-193	,-10	,145	,173	,-66	,141	,-135	,-9	,62	,240	,-137	,-98	,95	,137	,172	,91	,134	,-197	,101	,84	,248	,-245	,170	,74	,114	,-152	,-37	,-10	,-46	,156	,-79
,226	,-125	,193	,-253	,52	,-224	,-206	,-50	,-140	,-65	,-229	,252	,-62	,104	,-170	,-206	,244	,251	,194	,-103	,116	,217	,69	,-252	,231	,-109	,204	,41	,228	,-80	,-204	,-160	,-18	,-20	,72	,-140	,210	,-124	,196	,-200	,214	,178	,-221	,-237	,-31	,-157	,-152	,-114	,-244	,-217
,-172	,53	,-173	,203	,-129	,120	,194	,-229	,65	,32	,-16	,-242	,93	,-146	,132	,-61	,228	,-75	,-34	,-82	,-150	,-21	,-208	,252	,224	,-87	,43	,221	,-170	,40	,-39	,-67	,185	,116	,-121	,-91	,178	,-87	,33	,-25	,191	,-88	,122	,189	,88	,-141	,151	,-102	,34	,-74
,-234	,-106	,-9	,93	,213	,197	,204	,-168	,130	,17	,186	,116	,128	,-36	,-40	,-243	,242	,-136	,-49	,-195	,71	,106	,251	,200	,215	,-129	,-57	,60	,-179	,6	,81	,229	,89	,-90	,-32	,193	,195	,153	,85	,22	,203	,-89	,-45	,-168	,252	,-116	,10	,-230	,-62	,-55
,230	,229	,-90	,-104	,216	,184	,56	,-73	,206	,-86	,-205	,-187	,-233	,24	,236	,-14	,181	,146	,-85	,238	,-147	,199	,-166	,58	,-220	,173	,-203	,107	,-34	,61	,168	,-195	,84	,216	,88	,-75	,-243	,166	,-48	,86	,-192	,-37	,5	,-50	,184	,-162	,-39	,-203	,92	,-192
,-144	,-251	,228	,-126	,-12	,199	,-249	,-124	,102	,243	,28	,59	,229	,2	,213	,-47	,-123	,-137	,195	,6	,72	,-114	,-230	,-164	,-169	,-89	,-34	,6	,-251	,-82	,232	,-64	,221	,-227	,95	,75	,30	,138	,-14	,-66	,-12	,-64	,-122	,87	,-98	,229	,120	,106	,103	,-232
,-101	,-148	,-98	,27	,70	,-213	,78	,247	,7	,165	,-217	,64	,-254	,-123	,92	,223	,49	,-7	,-136	,-227	,-105	,41	,-143	,131	,43	,84	,173	,-125	,-65	,-81	,112	,199	,-148	,173	,82	,63	,6	,-239	,-83	,-157	,39	,-56	,-189	,-106	,6	,228	,-69	,202	,68	,226
,116	,60	,55	,183	,-248	,201	,-208	,-55	,-159	,-225	,139	,-161	,-59	,46	,228	,148	,-3	,6	,-29	,106	,-11	,35	,222	,-75	,-113	,-70	,-240	,-251	,125	,15	,9	,99	,-49	,96	,249	,202	,162	,234	,192	,152	,-200	,-242	,211	,7	,148	,147	,48	,-136	,153	,200
