,-43	,36	,26	,-9	,33	,19	,-2	,-33	,-7	,43	,0	,30	,49	,-47	,11	,-28	,44	,32	,-13	,8
,17	,39	,-37	,-11	,45	,3	,39	,1	,12	,-22	,-5	,-26	,0	,17	,8	,21	,9	,-8	,38	,12
,-4	,42	,-24	,-11	,-38	,41	,-5	,47	,-50	,49	,-12	,7	,-7	,-20	,-23	,9	,-39	,15	,-36	,-9
,-47	,30	,-45	,-5	,2	,24	,21	,36	,-24	,26	,23	,-43	,36	,-15	,4	,-27	,-40	,15	,-23	,13
,-40	,-7	,-45	,-14	,3	,-42	,-17	,20	,-1	,-42	,23	,45	,42	,-39	,5	,-37	,-17	,-19	,14	,-33
,31	,49	,36	,1	,49	,3	,-11	,-5	,-40	,25	,1	,23	,28	,-12	,-8	,10	,39	,-4	,49	,-39
,-6	,21	,-8	,8	,-37	,-33	,22	,-29	,-31	,-4	,26	,-23	,11	,-15	,-45	,-33	,16	,28	,42	,-17
,-31	,-49	,40	,23	,21	,33	,-21	,25	,-34	,-25	,-35	,-34	,30	,29	,-21	,49	,36	,-32	,26	,10
,-10	,-15	,-46	,-36	,-29	,43	,-27	,27	,-28	,-16	,-19	,-13	,-5	,-41	,15	,23	,-28	,-20	,36	,37
,-13	,18	,-37	,-9	,-4	,-14	,-7	,-36	,-8	,-45	,8	,40	,-25	,-43	,46	,-34	,44	,2	,-33	,29
,32	,-3	,21	,32	,31	,44	,-38	,-10	,-42	,-23	,1	,8	,-12	,-34	,3	,0	,-14	,36	,26	,0
,-27	,14	,0	,-19	,-15	,15	,27	,19	,33	,-43	,29	,27	,-5	,-19	,-11	,-11	,1	,1	,10	,26
,18	,25	,18	,45	,-26	,30	,-44	,-38	,-1	,43	,-9	,-34	,-47	,-20	,-17	,7	,22	,-41	,-32	,-6
,-3	,-26	,1	,37	,-48	,49	,15	,-6	,0	,-18	,36	,16	,-34	,36	,0	,19	,-50	,-9	,-30	,-13
,9	,32	,-33	,31	,9	,-44	,-29	,-42	,37	,21	,-20	,-33	,-9	,12	,-49	,7	,50	,48	,-12	,-20
,-38	,-22	,-37	,-38	,-31	,-36	,-9	,-18	,11	,-48	,40	,-50	,16	,38	,28	,-18	,30	,24	,-2	,46
,-1	,2	,36	,-29	,21	,42	,24	,-24	,37	,-19	,-12	,49	,-28	,33	,-36	,22	,17	,32	,-21	,-44
,7	,-36	,41	,45	,-31	,46	,13	,-2	,4	,-44	,28	,-4	,-18	,-5	,-13	,-47	,-25	,46	,7	,1
,-44	,-12	,42	,-39	,-9	,-4	,15	,19	,8	,9	,-28	,-18	,-19	,49	,-25	,5	,-18	,3	,14	,3
,28	,-17	,14	,-40	,37	,-1	,1	,49	,39	,14	,-35	,-21	,-27	,37	,35	,33	,-25	,-48	,-10	,-40
,25	,18	,43	,48	,0	,-44	,-22	,47	,47	,1	,14	,43	,23	,-17	,-3	,29	,39	,21	,-38	,-28
,13	,-16	,-37	,-22	,36	,-6	,-15	,-10	,0	,-40	,-13	,-36	,-29	,47	,44	,-47	,-6	,19	,46	,-41
,20	,-27	,14	,9	,36	,25	,-42	,47	,15	,47	,-28	,49	,46	,15	,14	,15	,37	,-20	,-1	,47
,-32	,-11	,-8	,-7	,-13	,37	,11	,-22	,-10	,-46	,-40	,11	,25	,9	,-19	,-18	,-41	,-42	,21	,-22
,-33	,-30	,27	,-28	,23	,44	,49	,1	,23	,4	,36	,37	,-31	,-19	,-34	,28	,21	,28	,16	,-11
,-4	,40	,10	,-1	,9	,-27	,44	,-24	,-31	,35	,8	,32	,-49	,-13	,-6	,-39	,37	,42	,19	,30
,-37	,-6	,41	,-17	,1	,47	,-48	,28	,49	,1	,-36	,2	,-2	,-11	,-33	,-43	,32	,29	,-9	,7
,37	,-8	,31	,15	,19	,10	,-42	,34	,12	,46	,44	,0	,5	,28	,-11	,6	,1	,-50	,45	,-42
,-3	,16	,45	,-12	,-27	,-38	,-13	,-47	,-24	,-27	,15	,-25	,46	,45	,-22	,-3	,-22	,49	,30	,-6
,-47	,-9	,-31	,-21	,45	,-5	,1	,-18	,-29	,1	,-23	,10	,37	,-26	,28	,15	,-4	,20	,21	,-20
,-44	,21	,-12	,10	,42	,32	,49	,-39	,-39	,-18	,6	,-21	,-39	,29	,-2	,48	,47	,38	,-41	,-37
,-2	,-24	,-43	,-7	,-3	,-23	,-18	,16	,50	,18	,-19	,21	,18	,-43	,9	,-49	,14	,-40	,-18	,13
,2	,-25	,23	,48	,47	,-23	,5	,21	,-28	,-13	,4	,17	,5	,-6	,21	,43	,-12	,-48	,8	,-14
,0	,-22	,35	,-13	,12	,3	,2	,-17	,30	,39	,40	,46	,37	,34	,-48	,5	,-34	,24	,7	,10
,-31	,-33	,43	,21	,32	,50	,-25	,5	,46	,23	,-4	,1	,-28	,-29	,1	,7	,43	,-2	,22	,-50
,-44	,17	,25	,-11	,24	,-32	,-7	,49	,21	,28	,-49	,-18	,-9	,-44	,-5	,-31	,-37	,-38	,-34	,-47
,-18	,-25	,3	,45	,24	,44	,-4	,21	,-29	,-2	,47	,-25	,-48	,23	,-40	,31	,-33	,36	,-49	,-25
,-4	,4	,30	,43	,-47	,7	,-44	,11	,-1	,-47	,-39	,30	,31	,-50	,1	,-7	,-36	,-8	,47	,-34
,15	,43	,-29	,9	,47	,27	,12	,39	,22	,18	,18	,1	,22	,16	,-11	,-15	,30	,-29	,-7	,49
,-4	,-10	,45	,-8	,3	,49	,20	,-24	,-8	,-32	,-23	,0	,-18	,-36	,-34	,-13	,17	,44	,-12	,47
,13	,-35	,-10	,35	,-12	,-27	,26	,-31	,-43	,13	,11	,-16	,38	,-32	,-37	,-15	,1	,-46	,35	,-6
,45	,-19	,30	,1	,26	,6	,-46	,-21	,42	,36	,-32	,-37	,-38	,48	,-45	,-49	,-11	,39	,-20	,-39
,43	,-49	,-11	,-38	,-30	,-28	,-33	,-41	,36	,25	,21	,33	,18	,-5	,43	,-31	,-25	,5	,7	,0
,11	,25	,-10	,1	,35	,-15	,43	,1	,0	,39	,15	,21	,10	,-11	,45	,-44	,-35	,42	,39	,3
,45	,-25	,49	,-48	,9	,-32	,-32	,43	,-34	,-6	,44	,-40	,-4	,-12	,-43	,31	,10	,-31	,23	,14
,47	,35	,45	,-49	,25	,-40	,3	,-7	,-35	,-39	,41	,10	,-50	,-7	,29	,36	,-32	,10	,15	,-43
,30	,-28	,46	,26	,-40	,5	,-1	,6	,-19	,-18	,-39	,16	,29	,-18	,-29	,-21	,-49	,-28	,-16	,33
,21	,-47	,-10	,15	,26	,5	,-28	,0	,41	,-50	,-37	,32	,41	,13	,-8	,0	,1	,10	,-3	,2
,35	,45	,50	,-16	,-37	,20	,-3	,-7	,35	,-19	,45	,45	,47	,20	,41	,-35	,25	,2	,37	,-38
,10	,46	,-18	,37	,43	,13	,-31	,-9	,-16	,4	,-33	,16	,-44	,-43	,-22	,11	,-4	,-30	,35	,-23
